URL
https://www.zhipin.com/web/geek/job?query=%E6%B1%9F%E8%8B%8F%E6%B5%A9%E6%AC%A7%E5%8D%9A%E7%94%9F%E7%89%A9%E5%8C%BB%E8%8D%AF&city=101180100
https://www.zhipin.com/web/geek/job?query=%E6%B1%9F%E8%8B%8F%E6%B5%A9%E6%AC%A7%E5%8D%9A%E7%94%9F%E7%89%A9%E5%8C%BB%E8%8D%AF&city=101220100
https://www.zhipin.com/web/geek/job?query=%E6%B1%9F%E8%8B%8F%E6%B5%A9%E6%AC%A7%E5%8D%9A%E7%94%9F%E7%89%A9%E5%8C%BB%E8%8D%AF&city=101120100
https://www.zhipin.com/web/geek/job?query=%E6%B1%9F%E8%8B%8F%E6%B5%A9%E6%AC%A7%E5%8D%9A%E7%94%9F%E7%89%A9%E5%8C%BB%E8%8D%AF&city=101190500
https://www.zhipin.com/web/geek/job?query=%E6%B1%9F%E8%8B%8F%E6%B5%A9%E6%AC%A7%E5%8D%9A%E7%94%9F%E7%89%A9%E5%8C%BB%E8%8D%AF&city=101280800
https://www.zhipin.com/web/geek/job?query=%E6%B5%99%E6%B1%9F%E5%A4%A9%E6%8C%AF%E7%A7%91%E6%8A%80&city=101020100
https://www.zhipin.com/web/geek/job?query=%E6%B5%99%E6%B1%9F%E5%A4%A9%E6%8C%AF%E7%A7%91%E6%8A%80&city=101010100
https://www.zhipin.com/web/geek/job?query=%E6%B5%99%E6%B1%9F%E5%A4%A9%E6%8C%AF%E7%A7%91%E6%8A%80&city=101280600
https://www.zhipin.com/web/geek/job?query=%E6%B5%99%E6%B1%9F%E5%A4%A9%E6%8C%AF%E7%A7%91%E6%8A%80&city=101040100
https://www.zhipin.com/web/geek/job?query=%E6%B5%99%E6%B1%9F%E5%A4%A9%E6%8C%AF%E7%A7%91%E6%8A%80&city=101280100
https://www.zhipin.com/web/geek/job?query=%E6%B5%99%E6%B1%9F%E5%A4%A9%E6%8C%AF%E7%A7%91%E6%8A%80&city=101190400
https://www.zhipin.com/web/geek/job?query=%E6%B5%99%E6%B1%9F%E5%A4%A9%E6%8C%AF%E7%A7%91%E6%8A%80&city=101270100
https://www.zhipin.com/web/geek/job?query=%E6%B5%99%E6%B1%9F%E5%A4%A9%E6%8C%AF%E7%A7%91%E6%8A%80&city=101210100
https://www.zhipin.com/web/geek/job?query=%E6%B5%99%E6%B1%9F%E5%A4%A9%E6%8C%AF%E7%A7%91%E6%8A%80&city=101200100
https://www.zhipin.com/web/geek/job?query=%E6%B5%99%E6%B1%9F%E5%A4%A9%E6%8C%AF%E7%A7%91%E6%8A%80&city=101190100
https://www.zhipin.com/web/geek/job?query=%E6%B5%99%E6%B1%9F%E5%A4%A9%E6%8C%AF%E7%A7%91%E6%8A%80&city=101030100
https://www.zhipin.com/web/geek/job?query=%E6%B5%99%E6%B1%9F%E5%A4%A9%E6%8C%AF%E7%A7%91%E6%8A%80&city=101210400
https://www.zhipin.com/web/geek/job?query=%E6%B5%99%E6%B1%9F%E5%A4%A9%E6%8C%AF%E7%A7%91%E6%8A%80&city=101120200
https://www.zhipin.com/web/geek/job?query=%E6%B5%99%E6%B1%9F%E5%A4%A9%E6%8C%AF%E7%A7%91%E6%8A%80&city=101190200
https://www.zhipin.com/web/geek/job?query=%E6%B5%99%E6%B1%9F%E5%A4%A9%E6%8C%AF%E7%A7%91%E6%8A%80&city=101250100
https://www.zhipin.com/web/geek/job?query=%E6%B5%99%E6%B1%9F%E5%A4%A9%E6%8C%AF%E7%A7%91%E6%8A%80&city=101180100
https://www.zhipin.com/web/geek/job?query=%E6%B5%99%E6%B1%9F%E5%A4%A9%E6%8C%AF%E7%A7%91%E6%8A%80&city=101220100
https://www.zhipin.com/web/geek/job?query=%E6%B5%99%E6%B1%9F%E5%A4%A9%E6%8C%AF%E7%A7%91%E6%8A%80&city=101120100
https://www.zhipin.com/web/geek/job?query=%E6%B5%99%E6%B1%9F%E5%A4%A9%E6%8C%AF%E7%A7%91%E6%8A%80&city=101190500
https://www.zhipin.com/web/geek/job?query=%E6%B5%99%E6%B1%9F%E5%A4%A9%E6%8C%AF%E7%A7%91%E6%8A%80&city=101280800
https://www.zhipin.com/web/geek/job?query=%E5%AE%89%E5%BE%BD%E9%BE%99%E7%A3%81%E7%A7%91%E6%8A%80&city=101020100
https://www.zhipin.com/web/geek/job?query=%E5%AE%89%E5%BE%BD%E9%BE%99%E7%A3%81%E7%A7%91%E6%8A%80&city=101010100
https://www.zhipin.com/web/geek/job?query=%E5%AE%89%E5%BE%BD%E9%BE%99%E7%A3%81%E7%A7%91%E6%8A%80&city=101280600
https://www.zhipin.com/web/geek/job?query=%E5%AE%89%E5%BE%BD%E9%BE%99%E7%A3%81%E7%A7%91%E6%8A%80&city=101040100
https://www.zhipin.com/web/geek/job?query=%E5%AE%89%E5%BE%BD%E9%BE%99%E7%A3%81%E7%A7%91%E6%8A%80&city=101280100
https://www.zhipin.com/web/geek/job?query=%E5%AE%89%E5%BE%BD%E9%BE%99%E7%A3%81%E7%A7%91%E6%8A%80&city=101190400
https://www.zhipin.com/web/geek/job?query=%E5%AE%89%E5%BE%BD%E9%BE%99%E7%A3%81%E7%A7%91%E6%8A%80&city=101270100
https://www.zhipin.com/web/geek/job?query=%E5%AE%89%E5%BE%BD%E9%BE%99%E7%A3%81%E7%A7%91%E6%8A%80&city=101210100
https://www.zhipin.com/web/geek/job?query=%E5%AE%89%E5%BE%BD%E9%BE%99%E7%A3%81%E7%A7%91%E6%8A%80&city=101200100
https://www.zhipin.com/web/geek/job?query=%E5%AE%89%E5%BE%BD%E9%BE%99%E7%A3%81%E7%A7%91%E6%8A%80&city=101190100
https://www.zhipin.com/web/geek/job?query=%E5%AE%89%E5%BE%BD%E9%BE%99%E7%A3%81%E7%A7%91%E6%8A%80&city=101030100
https://www.zhipin.com/web/geek/job?query=%E5%AE%89%E5%BE%BD%E9%BE%99%E7%A3%81%E7%A7%91%E6%8A%80&city=101210400
https://www.zhipin.com/web/geek/job?query=%E5%AE%89%E5%BE%BD%E9%BE%99%E7%A3%81%E7%A7%91%E6%8A%80&city=101120200
https://www.zhipin.com/web/geek/job?query=%E5%AE%89%E5%BE%BD%E9%BE%99%E7%A3%81%E7%A7%91%E6%8A%80&city=101190200
https://www.zhipin.com/web/geek/job?query=%E5%AE%89%E5%BE%BD%E9%BE%99%E7%A3%81%E7%A7%91%E6%8A%80&city=101250100
https://www.zhipin.com/web/geek/job?query=%E5%AE%89%E5%BE%BD%E9%BE%99%E7%A3%81%E7%A7%91%E6%8A%80&city=101180100
https://www.zhipin.com/web/geek/job?query=%E5%AE%89%E5%BE%BD%E9%BE%99%E7%A3%81%E7%A7%91%E6%8A%80&city=101220100
https://www.zhipin.com/web/geek/job?query=%E5%AE%89%E5%BE%BD%E9%BE%99%E7%A3%81%E7%A7%91%E6%8A%80&city=101120100
https://www.zhipin.com/web/geek/job?query=%E5%AE%89%E5%BE%BD%E9%BE%99%E7%A3%81%E7%A7%91%E6%8A%80&city=101190500
https://www.zhipin.com/web/geek/job?query=%E5%AE%89%E5%BE%BD%E9%BE%99%E7%A3%81%E7%A7%91%E6%8A%80&city=101280800
https://www.zhipin.com/web/geek/job?query=%E5%A4%A9%E8%88%9F%E6%96%87%E5%8C%96&city=101020100
https://www.zhipin.com/web/geek/job?query=%E5%A4%A9%E8%88%9F%E6%96%87%E5%8C%96&city=101010100
https://www.zhipin.com/web/geek/job?query=%E5%A4%A9%E8%88%9F%E6%96%87%E5%8C%96&city=101280600
https://www.zhipin.com/web/geek/job?query=%E5%A4%A9%E8%88%9F%E6%96%87%E5%8C%96&city=101040100
https://www.zhipin.com/web/geek/job?query=%E5%A4%A9%E8%88%9F%E6%96%87%E5%8C%96&city=101280100
https://www.zhipin.com/web/geek/job?query=%E5%A4%A9%E8%88%9F%E6%96%87%E5%8C%96&city=101190400
https://www.zhipin.com/web/geek/job?query=%E5%A4%A9%E8%88%9F%E6%96%87%E5%8C%96&city=101270100
https://www.zhipin.com/web/geek/job?query=%E5%A4%A9%E8%88%9F%E6%96%87%E5%8C%96&city=101210100
https://www.zhipin.com/web/geek/job?query=%E5%A4%A9%E8%88%9F%E6%96%87%E5%8C%96&city=101200100
https://www.zhipin.com/web/geek/job?query=%E5%A4%A9%E8%88%9F%E6%96%87%E5%8C%96&city=101190100
https://www.zhipin.com/web/geek/job?query=%E5%A4%A9%E8%88%9F%E6%96%87%E5%8C%96&city=101030100
https://www.zhipin.com/web/geek/job?query=%E5%A4%A9%E8%88%9F%E6%96%87%E5%8C%96&city=101210400
https://www.zhipin.com/web/geek/job?query=%E5%A4%A9%E8%88%9F%E6%96%87%E5%8C%96&city=101120200
https://www.zhipin.com/web/geek/job?query=%E5%A4%A9%E8%88%9F%E6%96%87%E5%8C%96&city=101190200
https://www.zhipin.com/web/geek/job?query=%E5%A4%A9%E8%88%9F%E6%96%87%E5%8C%96&city=101250100
https://www.zhipin.com/web/geek/job?query=%E5%A4%A9%E8%88%9F%E6%96%87%E5%8C%96&city=101180100
https://www.zhipin.com/web/geek/job?query=%E5%A4%A9%E8%88%9F%E6%96%87%E5%8C%96&city=101220100
https://www.zhipin.com/web/geek/job?query=%E5%A4%A9%E8%88%9F%E6%96%87%E5%8C%96&city=101120100
https://www.zhipin.com/web/geek/job?query=%E5%A4%A9%E8%88%9F%E6%96%87%E5%8C%96&city=101190500
https://www.zhipin.com/web/geek/job?query=%E5%A4%A9%E8%88%9F%E6%96%87%E5%8C%96&city=101280800
https://www.zhipin.com/web/geek/job?query=%E6%B5%B7%E4%BF%A1%E5%AE%B6%E7%94%B5%E9%9B%86%E5%9B%A2&city=101020100
https://www.zhipin.com/web/geek/job?query=%E6%B5%B7%E4%BF%A1%E5%AE%B6%E7%94%B5%E9%9B%86%E5%9B%A2&city=101010100
https://www.zhipin.com/web/geek/job?query=%E6%B5%B7%E4%BF%A1%E5%AE%B6%E7%94%B5%E9%9B%86%E5%9B%A2&city=101280600
https://www.zhipin.com/web/geek/job?query=%E6%B5%B7%E4%BF%A1%E5%AE%B6%E7%94%B5%E9%9B%86%E5%9B%A2&city=101040100
https://www.zhipin.com/web/geek/job?query=%E6%B5%B7%E4%BF%A1%E5%AE%B6%E7%94%B5%E9%9B%86%E5%9B%A2&city=101280100
https://www.zhipin.com/web/geek/job?query=%E6%B5%B7%E4%BF%A1%E5%AE%B6%E7%94%B5%E9%9B%86%E5%9B%A2&city=101190400
https://www.zhipin.com/web/geek/job?query=%E6%B5%B7%E4%BF%A1%E5%AE%B6%E7%94%B5%E9%9B%86%E5%9B%A2&city=101270100
https://www.zhipin.com/web/geek/job?query=%E6%B5%B7%E4%BF%A1%E5%AE%B6%E7%94%B5%E9%9B%86%E5%9B%A2&city=101210100
https://www.zhipin.com/web/geek/job?query=%E6%B5%B7%E4%BF%A1%E5%AE%B6%E7%94%B5%E9%9B%86%E5%9B%A2&city=101200100
https://www.zhipin.com/web/geek/job?query=%E6%B5%B7%E4%BF%A1%E5%AE%B6%E7%94%B5%E9%9B%86%E5%9B%A2&city=101190100
https://www.zhipin.com/web/geek/job?query=%E6%B5%B7%E4%BF%A1%E5%AE%B6%E7%94%B5%E9%9B%86%E5%9B%A2&city=101030100
https://www.zhipin.com/web/geek/job?query=%E6%B5%B7%E4%BF%A1%E5%AE%B6%E7%94%B5%E9%9B%86%E5%9B%A2&city=101210400
https://www.zhipin.com/web/geek/job?query=%E6%B5%B7%E4%BF%A1%E5%AE%B6%E7%94%B5%E9%9B%86%E5%9B%A2&city=101120200
https://www.zhipin.com/web/geek/job?query=%E6%B5%B7%E4%BF%A1%E5%AE%B6%E7%94%B5%E9%9B%86%E5%9B%A2&city=101190200
https://www.zhipin.com/web/geek/job?query=%E6%B5%B7%E4%BF%A1%E5%AE%B6%E7%94%B5%E9%9B%86%E5%9B%A2&city=101250100
https://www.zhipin.com/web/geek/job?query=%E6%B5%B7%E4%BF%A1%E5%AE%B6%E7%94%B5%E9%9B%86%E5%9B%A2&city=101180100
https://www.zhipin.com/web/geek/job?query=%E6%B5%B7%E4%BF%A1%E5%AE%B6%E7%94%B5%E9%9B%86%E5%9B%A2&city=101220100
https://www.zhipin.com/web/geek/job?query=%E6%B5%B7%E4%BF%A1%E5%AE%B6%E7%94%B5%E9%9B%86%E5%9B%A2&city=101120100
https://www.zhipin.com/web/geek/job?query=%E6%B5%B7%E4%BF%A1%E5%AE%B6%E7%94%B5%E9%9B%86%E5%9B%A2&city=101190500
https://www.zhipin.com/web/geek/job?query=%E6%B5%B7%E4%BF%A1%E5%AE%B6%E7%94%B5%E9%9B%86%E5%9B%A2&city=101280800
https://www.zhipin.com/web/geek/job?query=%E5%B9%BF%E4%B8%9C%E5%AE%9D%E8%8E%B1%E7%89%B9%E5%8C%BB%E7%94%A8%E7%A7%91%E6%8A%80&city=101020100
https://www.zhipin.com/web/geek/job?query=%E5%B9%BF%E4%B8%9C%E5%AE%9D%E8%8E%B1%E7%89%B9%E5%8C%BB%E7%94%A8%E7%A7%91%E6%8A%80&city=101010100
https://www.zhipin.com/web/geek/job?query=%E5%B9%BF%E4%B8%9C%E5%AE%9D%E8%8E%B1%E7%89%B9%E5%8C%BB%E7%94%A8%E7%A7%91%E6%8A%80&city=101280600
https://www.zhipin.com/web/geek/job?query=%E5%B9%BF%E4%B8%9C%E5%AE%9D%E8%8E%B1%E7%89%B9%E5%8C%BB%E7%94%A8%E7%A7%91%E6%8A%80&city=101040100
https://www.zhipin.com/web/geek/job?query=%E5%B9%BF%E4%B8%9C%E5%AE%9D%E8%8E%B1%E7%89%B9%E5%8C%BB%E7%94%A8%E7%A7%91%E6%8A%80&city=101280100
https://www.zhipin.com/web/geek/job?query=%E5%B9%BF%E4%B8%9C%E5%AE%9D%E8%8E%B1%E7%89%B9%E5%8C%BB%E7%94%A8%E7%A7%91%E6%8A%80&city=101190400
https://www.zhipin.com/web/geek/job?query=%E5%B9%BF%E4%B8%9C%E5%AE%9D%E8%8E%B1%E7%89%B9%E5%8C%BB%E7%94%A8%E7%A7%91%E6%8A%80&city=101270100
https://www.zhipin.com/web/geek/job?query=%E5%B9%BF%E4%B8%9C%E5%AE%9D%E8%8E%B1%E7%89%B9%E5%8C%BB%E7%94%A8%E7%A7%91%E6%8A%80&city=101210100
https://www.zhipin.com/web/geek/job?query=%E5%B9%BF%E4%B8%9C%E5%AE%9D%E8%8E%B1%E7%89%B9%E5%8C%BB%E7%94%A8%E7%A7%91%E6%8A%80&city=101200100
https://www.zhipin.com/web/geek/job?query=%E5%B9%BF%E4%B8%9C%E5%AE%9D%E8%8E%B1%E7%89%B9%E5%8C%BB%E7%94%A8%E7%A7%91%E6%8A%80&city=101190100
